x=3.140000, y=-1.000000, fabs(x)=3.140000, fabs(y)=1.000000, copysign(x,y)=-3.140000
x=-1.000000, y=3.140000, fabs(x)=1.000000, fabs(y)=3.140000, copysign(x,y)=1.000000
x=2.000000, y=3.140000, fabs(x)=2.000000, fabs(y)=3.140000, copysign(x,y)=2.000000
x=-12.000000, y=-1.000000, fabs(x)=12.000000, fabs(y)=1.000000, copysign(x,y)=-12.000000
