sqrt(2) = 1.4142136 (squared 2)
sqrt(5) = 2.236068 (squared 5)
sqrt(8) = 2.8284271 (squared 8)
sqrt(11) = 3.3166248 (squared 11)
sqrt(14) = 3.7416574 (squared 14)
sqrt(17) = 4.1231056 (squared 17)
sqrt(20) = 4.472136 (squared 20)
sqrt(23) = 4.7958315 (squared 23)
sqrt(26) = 5.0990195 (squared 26)
sqrt(29) = 5.3851648 (squared 29)
sqrt(32) = 5.6568542 (squared 32)
sqrt(35) = 5.9160798 (squared 35)
sqrt(38) = 6.164414 (squared 38)
sqrt(41) = 6.4031242 (squared 41)
sqrt(44) = 6.6332496 (squared 44)
sqrt(47) = 6.8556546 (squared 47)
sqrt(1.5) = 1.2247449 (squared 1.5)
sqrt(0) = 0 (squared 0)
sqrt(1) = 1 (squared 1)
[SIGFPE 4 3] sqrt(-1) = 1.2345679e+08 (squared 1.5241579e+16)
sqrt(2) = 1.4142136 (squared 2)
[SIGFPE 4 3] sqrt(-2) = 1.2345679e+08 (squared 1.5241579e+16)
sqrt(234.25) = 15.305228 (squared 234.25)
[SIGFPE 4 3] sqrt(-234.25) = 1.2345679e+08 (squared 1.5241579e+16)
sqrt(1e+19) = 3.1622777e+09 (squared 1e+19)
sqrt(1e-23) = 3.1622777e-12 (squared 1e-23)
sqrt(1000.2) = 31.625939 (squared 1000.2)
sqrt(10000.2) = 100.001 (squared 10000.2)
sqrt(100000.2) = 316.22808 (squared 100000.2)
sqrt(1000000.2) = 1000.0001 (squared 1000000.2)
sqrt(10000000) = 3162.2777 (squared 10000000)
[SIGFPE 4 3] sqrt(-1e+08) = 1.2345679e+08 (squared 1.5241579e+16)
